((("concat" .
   [1 0 0 0 0 0])
  ("number-to-string" .
   [1 0 0 0 0 0 0 0 0 0 0 0 0 0 0 0])
  ("linux-system-ram-size" .
   [0 0 0 0 0 0 1 0 0 0 0 0 0 0 0 0 0 0 0 0 0])
  (":directedp" .
   [1 0 0 0 2 2 0 0 0 0])
  ("minimalize" .
   [2 0 0 0 0 0 0 0 0 0])
  ("final-vertices" .
   [1 0 0 0 0 0 0 0 0 0 0 0 0 0])
  ("final-sum" .
   [1 0 0 0 0 0 0 0 0])
  ("max-pos" .
   [2 0 0 0 0 0 0])
  ("distances" .
   [2 0 0 0 0 0 0 0 0])
  ("*res*" .
   [2 0 0 0 0])
  ("new-last" .
   [4 0 0 0 0 0 0 0])
  ("new-vertices" .
   [3 0 0 0 0 0 0 0 0 0 0 0])
  ("new-first" .
   [6 0 0 0 0 0 0 0 0])
  ("minimal-traversal" .
   [2 0 0 0 0 0 0 0 0 0 0 0 0 0 0 0 0])
  ("last-match" .
   [6 0 0 0 0 0 0 0 0 0])
  ("first-match" .
   [6 0 0 0 0 0 0 0 0 0 0])
  ("mtr" .
   [2 0 0])
  ("pool" .
   [4 0 0 0])
  ("directedp" .
   [4 0 0 0 1 0 0 0 0])
  ("have" .
   [1 0 0 0])
  ("mapcar" .
   [2 0 0 0 0 0])
  ("remove-max" .
   [2 0 0 0 0 0 0 0 0 0])
  ("max-val" .
   [1 0 0 0 0 0 0])
  ("max" .
   [1 0 0])
  ("s" .
   [1])
  ("*max-pos*" .
   [4 0 0 0 0 0 0 0 0])
  ("split-at" .
   [6 0 0 0 0 0 0 0])
  ("idx" .
   [2 0 0])
  ("subseq" .
   [2 0 0 0 0 0])
  ("*distances*" .
   [3 0 0 0 1 0 0 0 0 0 0])
  ("max-index" .
   [2 0 0 0 0 0 0 0 0])
  ("get-index" .
   [1 0 0 0 0 0 0 0 0])
  ("when" .
   [1 0 0 0])
  ("from" .
   [1 0 0 0])
  ("for" .
   [1 0 0])
  ("loop" .
   [2 0 0 0])
  (":first" .
   [1 0 0 0 0 0])
  ("find-distances" .
   [4 0 0 0 0 0 0 0 0 0 0 0 0 0])
  ("d" .
   [1])
  ("extend-list" .
   [3 0 0 0 0 0 0 0 0 0 0])
  ("*new-last*" .
   [2 0 0 0 0 0 0 0 0 0])
  ("*new-first*" .
   [2 0 0 0 0 0 0 0 0 0 0])
  ("*last-match*" .
   [3 0 0 0 0 0 0 0 0 0 0 0])
  ("*first-match*" .
   [4 0 0 0 0 0 0 0 0 0 0 0 0])
  ("smallest-non-circular-match" .
   [2 0 0 0 0 0 0 0 0 0 0 0 3 2 0 0 1 0 0 0 0 0 0 0 0 0 0])
  ("not" .
   [3 0 0])
  ("vert" .
   [3 0 0 0])
  ("string-in" .
   [1 0 0 0 0 0 0 0 0])
  ("is-circular" .
   [4 0 0 0 0 0 0 0 0 0 0])
  ("vtx2" .
   [1 0 0 0])
  ("vtx1" .
   [1 0 0 0])
  ("vertex" .
   [9 0 0 0 0 0])
  ("find" .
   [1 0 0 0])
  ("*last*" .
   [5 0 0 0 0 0])
  ("*first*" .
   [6 0 0 0 0 0 0])
  ("cadr" .
   [5 0 0 0])
  ("take" .
   [1 0 0 0])
  ("*vertices*" .
   [15 0 0 0 1 2 0 0 1 0])
  ("we" .
   [3 0])
  ("sorted" .
   [1 0 0 0 0 0])
  ("success" .
   [1 0 0 0 0 0 0])
  ("EDGES-TO-UNIQUE-VERTICES" .
   [0 0 0 0 0 0 0 0 3 0 0 0 0 0 0 0 0 0 0 0 0 0 0 0])
  ("->VERTICES" .
   [0 0 1 0 0 0 0 0 0 0])
  ("step" .
   [4 0 0 0])
  ("new-rt" .
   [6 0 0 0 0 0])
  ("new-lt" .
   [7 0 0 0 0 0])
  ("rt" .
   [5 0])
  ("lt" .
   [5 0])
  ("c" .
   [2])
  ("t" .
   [1])
  ("n" .
   [4])
  ("curr" .
   [3 0 0 0])
  ("intersection" .
   [3 0 0 0 0 0 0 0 0 0 0 0])
  ("remove-overlapping" .
   [1 0 0 0 0 0 0 0 0 0 0 0 0 0 0 0 0 0])
  ("nreverse" .
   [2 0 0 0 0 0 0 0])
  ("rest" .
   [1 0 0 0])
  ("res" .
   [3 0 0])
  ("overlaps" .
   [2 0 0 0 0 0 0 0])
  ("lassoc-trim-circular" .
   [6 0 0 0 0 0 0 0 0 0 0 0 0 0 1 0 0 0 0 0])
  ("over" .
   [3 0 0 0])
  ("diff" .
   [2 0 0 0])
  ("major" .
   [2 0 0 0 0])
  ("minor" .
   [4 0 0 0 0])
  ("minor-first" .
   [1 0 0 0 0 0 0 0 0 0 0])
  ("rutils:bind" .
   [5 0 0 0 0 0 0 0 0 0 0])
  ("length" .
   [12 0 0 0 0 0])
  ("l2" .
   [7 0])
  ("l1" .
   [9 0])
  (":initial-value" .
   [0 0 0 0 0 0 1 0 0 0 0 0 0 0])
  ("elements" .
   [1 0 0 0 0 0 0 0])
  ("reduce" .
   [6 0 0 0 0 0])
  ("new-right" .
   [1 0 0 0 0 0 0 0 0])
  ("new-left" .
   [2 0 0 0 0 0 0 0])
  ("->vertices" .
   [7 0 0 0 0 0 0 0 0 0])
  ("two-list" .
   [2 0 0 0 0 0 0 0])
  ("other" .
   [17 0 0 0 0])
  ("second" .
   [4 0 0 0 0 0])
  ("first" .
   [24 0 0 0 0])
  (":result" .
   [6 0 0 0 0 0 0])
  ("lassoc-trim" .
   [9 0 0 0 0 0 0 0 0 0 0])
  ("result" .
   [13 0 0 0 0 0])
  (":foundp" .
   [5 0 0 0 0 0 0])
  (":keys" .
   [16 0 0 0 0])
  ("remove-except-first-assoc" .
   [3 0 0 0 0 0 0 0 0 0 2 1 0 0 1 0 0 0 0 0 0 0 0 0 1])
  ("foundp" .
   [9 0 0 0 0 0])
  ("f" .
   [3])
  ("lst" .
   [22 0 0])
  ("values" .
   [14 0 0 0 0 0])
  ("edge" .
   [16 0 0 0])
  ("weight" .
   [11 0 0 0 0 0])
  ("value" .
   [2 0 0 0 0])
  ("vs-1" .
   [0 0 1 0])
  ("append" .
   [10 0 0 0 0 0])
  ("v-2" .
   [3 0 0])
  ("v-1" .
   [2 0 0])
  ("edge-2" .
   [1 0 0 0 0 0])
  ("edge-1" .
   [1 0 0 0 0 0])
  ("any" .
   [1 0 0])
  ("keys" .
   [41 0 0 0])
  (":sum" .
   [5 0 0 0])
  ("new-acc" .
   [18 0 0 0 0 0 0])
  ("shortest-right" .
   [4 0 0 0 0 0 0 0 0 0 0 0 0 0])
  ("fuse" .
   [3 0 0 0])
  (":acc" .
   [18 0 0 0])
  ("shortest-left" .
   [6 0 0 0 0 0 0 0 0 0 0 0 0])
  ("and" .
   [6 0 0])
  ("if" .
   [19 0])
  ("new-edges" .
   [14 0 0 0 0 0 0 0 0])
  ("union" .
   [1 0 0 0 0])
  ("right" .
   [13 0 0 0 0])
  ("lassoc-one" .
   [4 0 0 0 0 0 0 0 0 0])
  ("left" .
   [13 0 0 0])
  ("last" .
   [21 0 0 0])
  ("remove" .
   [1 0 0 0 0 0])
  ("sum" .
   [15 0 0])
  ("a" .
   [3])
  ("set-difference" .
   [12 0 0 0 0 1 1 1 2 0 0 0 0 0])
  (":vertices" .
   [7 0 0 0 0 0 0 0 0])
  ("cdr" .
   [19 0 0])
  ("acc" .
   [42 0 0])
  ("l" .
   [8])
  ("construct" .
   [10 0 0 0 0 0 0 0 0])
  ("defstruct" .
   [2 0 0 0 0 0 0 0 0])
  ("sorted-edges" .
   [2 0 0 0 0 0 0 0 0 0 0 0])
  ("let*" .
   [10 0 0 0])
  ("parsed" .
   [1 0 0 0 0 0])
  ("let" .
   [13 0 0])
  ("edges-to-unique-vertices" .
   [1 0 0 0 0 0 0 0 4 1 0 0 0 0 0 0 0 0 0 0 0 0 0 0])
  ("string=" .
   [23 0 0 0 0 0 0])
  ("butlast" .
   [12 0 0 0 0 0 0])
  ("b" .
   [2])
  ("e" .
   [5])
  ("edges" .
   [65 0 0 0 0])
  ("vertices" .
   [72 0 0 0 0 0 0 0])
  ("graph" .
   [7 0 0 0 0])
  ("cons" .
   [26 0 0 0])
  ("an" .
   [1 0])
  ("work" .
   [1 0 0 0])
  ("is" .
   [1 0])
  ("idea" .
   [1 0 0 0])
  ("lookup" .
   [1 0 0 0 0 0])
  ("car" .
   [50 0 0])
  ("el" .
   [37 0])
  ("AlphaCentauri" .
   [1 0 0 0 0 0 0 0 0 0 0 0 0])
  ("Tristram" .
   [3 0 0 0 0 0 0 0])
  ("*sorted-s*" .
   [17 0 0 1 6 0 0 0 0 6])
  ("print" .
   [20 0 0 0 0])
  ("list-set-equal" .
   [0 0 0 0 0 0 0 0 0 0 0 0 0 1])
  ("*parsed-s*" .
   [0 0 1 0 1 0 0 0 0 1])
  ("list-set-equality-p" .
   [1 0 0 0 0 0 0 0 0 0 0 0 0 0 0 0 0 0 0])
  (":test" .
   [49 0 0 0 0])
  ("lassoc" .
   [6 0 0 0 0 0])
  ("key" .
   [2 0 0])
  ("el-key" .
   [2 0 0 0 0 0])
  ("funcall" .
   [23 0 0 0 0 0 0])
  ("nil" .
   [13 0 0])
  ("list-of-list" .
   [39 0 0 0 0 0 0 0 0 0 0 0])
  ("null" .
   [14 0 0 0])
  ("cond" .
   [15 0 0 0])
  ("test" .
   [66 0 0 0])
  ("list-compare" .
   [1 0 0 0 0 0 0 0 0 0 0 0])
  ("&key" .
   [21 0 0 0])
  ("defun" .
   [39 0 0 0 0])
  ("third" .
   [14 0 0 0 0])
  ("lambda" .
   [8 0 0 0 0 0])
  ("*s*" .
   [1 0 0])
  ("parse-s" .
   [1 0 0 0 0 0 0])
  ("defparameter" .
   [18 0 0 0 0 0 0 0 0 0 0 0])
  ("list" .
   [19 0 0 0])
  ("sort" .
   [4 0 0 0])
  ("connection" .
   [1 0 0 0 0 0 0 0 0 0])
  ("with" .
   [2 0 0 0])
  ("so" .
   [3 0])
  ("template" .
   [1 0 0 0 0 0 0 0])
  ("in" .
   [10 0])
  ("choice" .
   [1 0 0 0 0 0])
  ("mult" .
   [1 0 0 0])
  ("to" .
   [4 0])
  ("at" .
   [1 0])
  (":init" .
   [1 0 0 0 0])
  ("evil" .
   [1 0 0 0])
  (":after" .
   [1 0 0 0 0 0])
  (":ensure" .
   [1 0 0 0 0 0 0])
  ("install.packages" .
   [1 0 0 0 0 0 0 0 0 0 0 0 0 0 0 0])))
